Maxcost; ; ;MinVol; ; ;cost/volum; ; ;factorCom;0,1 0,9 ; ;factorCom;0,3 0,7 ; ;factorCom;0,5 0,5 ; ;factorCom;0,7 0,3 ; ;factorCom;0,9 0,1 ; ;
15; 8; ; 5; 2; ; 13; 2; ; 13; 10; ; 13; 10; ; 15; 8; ; 15; 8; ; 15; 8; ; 
15; 4; ; 9; 2; ; 13; 2; ; 10; 10; ; 15; 8; ; 13; 10; ; 13; 10; ; 15; 4; ; 
15; 3; ; 13; 2; ; 15; 3; ; 10; 10; ; 10; 10; ; 14; 7; ; 14; 7; ; 15; 3; ; 
14; 7; ; 13; 2; ; 14; 3; ; 10; 9; ; 10; 10; ; 12; 8; ; 15; 4; ; 14; 7; ; 
14; 5; ; 4; 3; ; 9; 2; ; 8; 9; ; 10; 9; ; 10; 10; ; 15; 3; ; 14; 5; ; 
14; 3; ; 7; 3; ; 15; 4; ; 8; 9; ; 12; 8; ; 10; 10; ; 14; 5; ; 14; 3; ; 
13; 10; ; 10; 3; ; 11; 3; ; 15; 8; ; 14; 7; ; 12; 7; ; 12; 8; ; 13; 10; ; 
13; 4; ; 11; 3; ; 10; 3; ; 12; 8; ; 8; 9; ; 14; 5; ; 14; 3; ; 13; 4; ; 
13; 2; ; 14; 3; ; 13; 4; ; 14; 7; ; 8; 9; ; 12; 7; ; 12; 7; ; 13; 2; ; 
13; 2; ; 15; 3; ; 14; 5; ; 4; 8; ; 12; 7; ; 15; 4; ; 12; 7; ; 13; 2; ; 
12; 8; ; 4; 4; ; 5; 2; ; 12; 7; ; 12; 7; ; 10; 9; ; 13; 4; ; 12; 8; ; 
12; 7; ; 5; 4; ; 10; 4; ; 12; 7; ; 14; 5; ; 15; 3; ; 10; 10; ; 12; 7; ; 
12; 7; ; 5; 4; ; 7; 3; ; 3; 8; ; 15; 4; ; 14; 3; ; 10; 10; ; 12; 7; ; 
11; 3; ; 5; 4; ; 9; 4; ; 4; 7; ; 4; 8; ; 8; 9; ; 10; 9; ; 11; 3; ; 
10; 10; ; 9; 4; ; 10; 5; ; 8; 6; ; 13; 4; ; 13; 4; ; 13; 2; ; 10; 10; ; 
10; 10; ; 10; 4; ; 14; 7; ; 8; 6; ; 15; 3; ; 8; 9; ; 13; 2; ; 10; 10; ; 
10; 9; ; 13; 4; ; 15; 8; ; 14; 5; ; 8; 6; ; 13; 2; ; 11; 3; ; 10; 9; ; 
10; 5; ; 15; 4; ; 12; 7; ; 10; 5; ; 8; 6; ; 13; 2; ; 10; 5; ; 10; 5; ; 
10; 4; ; 3; 5; ; 12; 7; ; 8; 5; ; 3; 8; ; 10; 5; ; 8; 9; ; 10; 4; ; 
10; 3; ; 3; 5; ; 8; 5; ; 183; 144; ; 10; 5; ; 8; 6; ; 8; 9; ; 10; 3; ; 
9; 4; ; 5; 5; ; 12; 8; ; ; ; ; 214; 143; ; 8; 6; ; 10; 4; ; 9; 4; ; 
9; 2; ; 8; 5; ; 4; 3; ; ; ; ; ; ; ; 11; 3; ; 10; 3; ; 9; 2; ; 
8; 9; ; 10; 5; ; 8; 6; ; ; ; ; ; ; ; 10; 4; ; 9; 4; ; 8; 9; ; 
8; 9; ; 14; 5; ; 8; 6; ; ; ; ; ; ; ; 268; 141; ; 8; 6; ; 8; 9; ; 
8; 6; ; 8; 6; ; 13; 10; ; ; ; ; ; ; ; ; ; ; 279; 142; ; 8; 6; ; 
288; 144; ; 8; 6; ; 5; 4; ; ; ; ; ; ; ; ; ; ; ; ; ; 288; 144; ; 
; ; ; 4; 7; ; 5; 4; ; ; ; ; ; ; ; ; ; ; ; ; ; ; ; ; 
; ; ; 12; 7; ; 5; 4; ; ; ; ; ; ; ; ; ; ; ; ; ; ; ; ; 
; ; ; 12; 7; ; 10; 9; ; ; ; ; ; ; ; ; ; ; ; ; ; ; ; ; 
; ; ; 14; 7; ; 4; 4; ; ; ; ; ; ; ; ; ; ; ; ; ; ; ; ; 
; ; ; 3; 8; ; 303; 141; ; ; ; ; ; ; ; ; ; ; ; ; ; ; ; ; 
; ; ; 4; 8; ; ; ; ; ; ; ; ; ; ; ; ; ; ; ; ; ; ; ; 
; ; ; 275; 144; ; ; ; ; ; ; ; ; ; ; ; ; ; ; ; ; ; ; ; 
; ; ; ; ; ; ; ; ; ; ; ; ; ; ; ; ; ; ; ; ; ; ; ; 
; ; ; ; ; ; ; ; ; ; ; ; ; ; ; ; ; ; ; ; ; ; ; ; 
; ; ; ; ; ; ; ; ; ; ; ; ; ; ; ; ; ; ; ; ; ; ; ; 
; ; ; ; ; ; ; ; ; ; ; ; ; ; ; ; ; ; ; ; ; ; ; ; 
; ; ; ; ; ; ; ; ; ; ; ; ; ; ; ; ; ; ; ; ; ; ; ; 
; ; ; ; ; ; ; ; ; ; ; ; ; ; ; ; ; ; ; ; ; ; ; ; 
; ; ; ; ; ; ; ; ; ; ; ; ; ; ; ; ; ; ; ; ; ; ; ; 
